$ 1 0.000005 285.9303473255704 66 5 50 5e-11
v 112 400 112 352 0 0 40 5 0 0 0.5
162 1008 416 1008 496 2 default-led 1 0 0 0.01
r 1008 496 1008 576 0 330
w 1008 576 1072 576 0
w 112 240 112 352 0
r 176 240 176 304 0 1000
w 112 176 112 240 0
w 112 176 112 128 0
w 176 512 176 480 0
w 320 128 384 128 0
w 320 128 112 128 0
r 112 176 240 176 0 10000
w 240 320 240 176 0
c 240 368 240 512 0 0.00009999999999999999 0.01917242705679674 0.001
w 256 176 240 176 0
w 384 128 416 128 0
s 176 432 176 480 0 1 true
a 624 304 704 304 8 5 0 1000000 3.333333333333343 0.01917242705679674 100000
a 624 432 704 432 9 5 0 1000000 5 1.6666666666666712 100000
r 576 208 576 272 0 1000
r 576 336 576 416 0 1000
r 576 480 576 560 0 1000
151 816 320 944 320 0 2 5 5
151 816 416 944 416 0 2 0 5
w 944 320 944 352 0
w 944 352 816 384 0
w 816 384 816 400 0
w 816 336 816 352 0
w 816 352 944 384 0
w 944 384 944 416 0
t 1024 320 1072 320 0 1 0.6374683977243237 0.6566408247811205 10 default
w 576 272 576 288 0
w 576 288 624 288 0
w 576 288 576 336 0
w 576 416 624 416 0
w 576 416 576 480 0
w 496 336 496 448 0
w 496 448 624 448 0
w 416 128 576 128 0
w 576 128 576 208 0
w 608 320 256 320 0
w 608 320 624 320 0
w 256 176 976 176 0
g 1072 576 1072 624 0 0
c 416 400 416 496 0 1e-7 3.333333333333343 0.001
w 560 288 416 288 0
w 416 288 416 400 0
w 560 288 576 288 0
I 736 304 816 304 0 0.5 5
I 736 432 816 432 0 0.5 5
w 112 240 176 240 0
w 496 336 176 336 0
w 176 304 176 336 0
w 176 336 176 432 0
w 944 416 960 416 0
w 1072 224 1072 304 0
w 976 176 1024 176 0
w 1072 176 1072 224 0
w 704 304 736 304 0
w 704 432 736 432 0
w 960 416 1008 416 0
r 960 320 1008 320 0 470
w 960 320 944 320 0
w 1008 320 1024 320 0
r 1008 320 1008 384 0 210
w 1008 384 1072 384 0
w 1072 336 1072 384 0
w 1024 176 1072 176 0
w 1072 384 1072 576 0
w 176 512 176 576 0
w 240 512 240 576 0
w 416 496 416 576 0
w 576 560 576 576 0
w 112 400 112 576 0
w 112 576 176 576 0
w 176 576 240 576 0
w 240 576 416 576 0
w 416 576 576 576 0
w 576 576 1008 576 0
w 256 320 240 320 0
w 240 320 240 368 0
O 816 304 816 240 0 0
O 240 368 304 368 0 0
o 81 512 0 4098 6.5536 0.0001 0 2 82 0
